language ESSENCE' 1.0
letting leftIndexMatrix be [[2, 4, 11, 0, 0, 0, 0;int(1..7)], 
[1, 6, 8, 11, 14, 0, 0;int(1..7)], 
[2, 7, 10, 12, 0, 0, 0;int(1..7)], 
[2, 5, 7, 12, 0, 0, 0;int(1..7)], 
[3, 6, 14, 0, 0, 0, 0;int(1..7)], 
[2, 8, 13, 0, 0, 0, 0;int(1..7)], 
[1, 3, 9, 11, 13, 0, 0;int(1..7)], 
[1, 8, 10, 0, 0, 0, 0;int(1..7)], 
[2, 5, 9, 11, 13, 0, 0;int(1..7)], 
[1, 6, 9, 11, 0, 0, 0;int(1..7)], 
[1, 5, 7, 12, 0, 0, 0;int(1..7)], 
[2, 5, 11, 14, 0, 0, 0;int(1..7)], 
[1, 3, 6, 8, 12, 0, 0;int(1..7)], 
[1, 5, 11, 0, 0, 0, 0;int(1..7)], 
[1, 4, 7, 9, 13, 0, 0;int(1..7)], 
[2, 9, 14, 0, 0, 0, 0;int(1..7)], 
[4, 6, 10, 13, 0, 0, 0;int(1..7)], 
[6, 8, 13, 0, 0, 0, 0;int(1..7)], 
[3, 8, 0, 0, 0, 0, 0;int(1..7)], 
[2, 6, 8, 10, 0, 0, 0;int(1..7)], 
[1, 6, 8, 13, 0, 0, 0;int(1..7)], 
[1, 5, 8, 11, 0, 0, 0;int(1..7)], 
[1, 3, 5, 8, 14, 0, 0;int(1..7)];int(1..23)]
letting solutionBoard be [[0, 1, 0, 1, 1, 1, 1, 0, 0, 0, 1, 1, 1, 0;int(1..14)], 
[1, 1, 1, 0, 0, 1, 0, 1, 0, 0, 1, 1, 0, 1;int(1..14)], 
[0, 1, 0, 0, 0, 0, 1, 0, 0, 1, 0, 1, 1, 0;int(1..14)], 
[0, 1, 0, 0, 1, 0, 1, 1, 1, 1, 0, 1, 0, 0;int(1..14)], 
[0, 0, 1, 1, 0, 1, 1, 1, 1, 1, 0, 0, 0, 1;int(1..14)], 
[0, 1, 0, 0, 0, 0, 0, 1, 1, 1, 1, 0, 1, 0;int(1..14)], 
[1, 0, 1, 1, 1, 1, 1, 0, 1, 0, 1, 0, 1, 1;int(1..14)], 
[1, 1, 1, 1, 0, 0, 0, 1, 0, 1, 1, 1, 0, 0;int(1..14)], 
[0, 1, 1, 0, 1, 1, 1, 0, 1, 0, 1, 0, 1, 0;int(1..14)], 
[1, 1, 1, 1, 0, 1, 0, 0, 1, 0, 1, 1, 1, 0;int(1..14)], 
[1, 1, 0, 0, 1, 0, 1, 1, 1, 1, 0, 1, 0, 0;int(1..14)], 
[0, 1, 0, 0, 1, 1, 1, 1, 0, 0, 1, 1, 0, 1;int(1..14)], 
[1, 0, 1, 1, 0, 1, 0, 1, 1, 1, 0, 1, 1, 1;int(1..14)], 
[1, 1, 1, 0, 1, 1, 1, 1, 0, 0, 1, 1, 1, 0;int(1..14)], 
[1, 1, 0, 1, 1, 0, 1, 0, 1, 0, 0, 0, 1, 1;int(1..14)], 
[0, 1, 1, 1, 0, 0, 0, 0, 1, 1, 0, 0, 0, 1;int(1..14)], 
[0, 0, 0, 1, 0, 1, 1, 0, 0, 1, 0, 0, 1, 0;int(1..14)], 
[0, 0, 0, 0, 0, 1, 0, 1, 1, 0, 0, 0, 1, 0;int(1..14)], 
[0, 0, 1, 1, 1, 0, 0, 1, 1, 1, 1, 1, 1, 0;int(1..14)], 
[0, 1, 1, 0, 0, 1, 0, 1, 0, 1, 1, 1, 0, 0;int(1..14)], 
[1, 0, 0, 0, 0, 1, 0, 1, 1, 1, 1, 0, 1, 1;int(1..14)], 
[1, 1, 1, 0, 1, 1, 0, 1, 0, 0, 1, 1, 1, 1;int(1..14)], 
[1, 0, 1, 0, 1, 0, 0, 1, 0, 0, 0, 0, 0, 1;int(1..14)];int(1..23)]
letting topIndexMatrix be [[2, 1, 2, 1, 1, 1, 1, 2, 4, 3, 1, 1, 1, 2;int(1..14)], 
[7, 6, 5, 5, 4, 5, 3, 4, 9, 8, 6, 8, 3, 5;int(1..14)], 
[10, 8, 7, 7, 7, 7, 7, 8, 13, 11, 12, 10, 6, 7;int(1..14)], 
[13, 14, 13, 10, 9, 9, 9, 11, 15, 13, 14, 19, 9, 12;int(1..14)], 
[21, 20, 16, 13, 11, 12, 11, 18, 18, 16, 19, 22, 13, 15;int(1..14)], 
[0, 22, 19, 15, 14, 17, 14, 0, 21, 19, 0, 0, 17, 21;int(1..14)], 
[0, 0, 22, 19, 19, 20, 17, 0, 0, 0, 0, 0, 21, 0;int(1..14)], 
[0, 0, 0, 0, 22, 0, 0, 0, 0, 0, 0, 0, 0, 0;int(1..14)], 
[0, 0, 0, 0, 0, 0, 0, 0, 0, 0, 0, 0, 0, 0;int(1..14)], 
[0, 0, 0, 0, 0, 0, 0, 0, 0, 0, 0, 0, 0, 0;int(1..14)], 
[0, 0, 0, 0, 0, 0, 0, 0, 0, 0, 0, 0, 0, 0;int(1..14)], 
[0, 0, 0, 0, 0, 0, 0, 0, 0, 0, 0, 0, 0, 0;int(1..14)];int(1..12)]
