language ESSENCE' 1.0
letting leftIndexMatrix be [[0, 0, 0, 0, 0, 0, 0, 0, 0, 0, 0, 0, 0;int(1..13)], 
[2, 9, 16, 18, 0, 0, 0, 0, 0, 0, 0, 0, 0;int(1..13)], 
[2, 9, 16, 18, 0, 0, 0, 0, 0, 0, 0, 0, 0;int(1..13)], 
[2, 6, 9, 13, 17, 23, 0, 0, 0, 0, 0, 0, 0;int(1..13)], 
[2, 6, 9, 13, 17, 23, 0, 0, 0, 0, 0, 0, 0;int(1..13)], 
[2, 9, 19, 21, 25, 0, 0, 0, 0, 0, 0, 0, 0;int(1..13)], 
[2, 9, 19, 21, 25, 0, 0, 0, 0, 0, 0, 0, 0;int(1..13)], 
[2, 9, 13, 20, 24, 0, 0, 0, 0, 0, 0, 0, 0;int(1..13)], 
[2, 9, 13, 20, 24, 0, 0, 0, 0, 0, 0, 0, 0;int(1..13)], 
[2, 9, 13, 0, 0, 0, 0, 0, 0, 0, 0, 0, 0;int(1..13)], 
[0, 0, 0, 0, 0, 0, 0, 0, 0, 0, 0, 0, 0;int(1..13)], 
[0, 0, 0, 0, 0, 0, 0, 0, 0, 0, 0, 0, 0;int(1..13)], 
[2, 0, 0, 0, 0, 0, 0, 0, 0, 0, 0, 0, 0;int(1..13)], 
[2, 0, 0, 0, 0, 0, 0, 0, 0, 0, 0, 0, 0;int(1..13)], 
[2, 6, 0, 0, 0, 0, 0, 0, 0, 0, 0, 0, 0;int(1..13)], 
[2, 6, 0, 0, 0, 0, 0, 0, 0, 0, 0, 0, 0;int(1..13)], 
[2, 0, 0, 0, 0, 0, 0, 0, 0, 0, 0, 0, 0;int(1..13)], 
[2, 0, 0, 0, 0, 0, 0, 0, 0, 0, 0, 0, 0;int(1..13)], 
[2, 0, 0, 0, 0, 0, 0, 0, 0, 0, 0, 0, 0;int(1..13)], 
[2, 0, 0, 0, 0, 0, 0, 0, 0, 0, 0, 0, 0;int(1..13)], 
[2, 0, 0, 0, 0, 0, 0, 0, 0, 0, 0, 0, 0;int(1..13)], 
[0, 0, 0, 0, 0, 0, 0, 0, 0, 0, 0, 0, 0;int(1..13)];int(1..22)]
letting solutionBoard be [[0, 0, 0, 0, 0, 0, 0, 0, 0, 0, 0, 0, 0, 0, 0, 0, 0, 0, 0, 0, 0, 0, 0, 0, 0, 0;int(1..26)], 
[0, 1, 1, 1, 1, 0, 0, 0, 1, 1, 1, 1, 1, 1, 0, 1, 0, 1, 0, 0, 0, 0, 0, 0, 0, 0;int(1..26)], 
[0, 1, 1, 1, 1, 1, 1, 0, 1, 1, 1, 1, 1, 1, 0, 1, 0, 1, 0, 0, 0, 0, 0, 0, 0, 0;int(1..26)], 
[0, 1, 1, 0, 0, 1, 1, 0, 1, 1, 0, 0, 1, 1, 0, 0, 1, 0, 0, 0, 0, 0, 1, 0, 0, 0;int(1..26)], 
[0, 1, 1, 0, 0, 1, 1, 0, 1, 1, 0, 0, 1, 1, 0, 0, 1, 0, 0, 0, 0, 0, 1, 0, 0, 0;int(1..26)], 
[0, 1, 1, 1, 1, 1, 1, 0, 1, 1, 1, 1, 1, 1, 0, 0, 0, 0, 1, 0, 1, 1, 0, 0, 1, 0;int(1..26)], 
[0, 1, 1, 1, 1, 0, 0, 0, 1, 1, 1, 1, 1, 1, 0, 0, 0, 0, 1, 0, 1, 1, 0, 0, 1, 0;int(1..26)], 
[0, 1, 1, 0, 0, 0, 0, 0, 1, 1, 0, 0, 1, 1, 0, 0, 0, 0, 0, 1, 0, 0, 0, 1, 0, 0;int(1..26)], 
[0, 1, 1, 0, 0, 0, 0, 0, 1, 1, 0, 0, 1, 1, 0, 0, 0, 0, 0, 1, 0, 0, 0, 1, 0, 0;int(1..26)], 
[0, 1, 1, 0, 0, 0, 0, 0, 1, 1, 0, 0, 1, 1, 0, 0, 0, 0, 0, 0, 0, 0, 0, 0, 0, 0;int(1..26)], 
[0, 0, 0, 0, 0, 0, 0, 0, 0, 0, 0, 0, 0, 0, 0, 0, 0, 0, 0, 0, 0, 0, 0, 0, 0, 0;int(1..26)], 
[0, 0, 0, 0, 0, 0, 0, 0, 0, 0, 0, 0, 0, 0, 0, 0, 0, 0, 0, 0, 0, 0, 0, 0, 0, 0;int(1..26)], 
[0, 1, 1, 1, 1, 0, 0, 0, 0, 0, 0, 0, 0, 0, 0, 0, 0, 0, 0, 0, 0, 0, 0, 0, 0, 0;int(1..26)], 
[0, 1, 1, 1, 1, 1, 1, 0, 0, 0, 0, 0, 0, 0, 0, 0, 0, 0, 0, 0, 0, 0, 0, 0, 0, 0;int(1..26)], 
[0, 1, 1, 0, 0, 1, 1, 0, 0, 0, 0, 0, 0, 0, 0, 0, 0, 0, 0, 0, 0, 0, 0, 0, 0, 0;int(1..26)], 
[0, 1, 1, 0, 0, 1, 1, 0, 0, 0, 0, 0, 0, 0, 0, 0, 0, 0, 0, 0, 0, 0, 0, 0, 0, 0;int(1..26)], 
[0, 1, 1, 1, 1, 1, 1, 0, 0, 0, 0, 0, 0, 0, 0, 0, 0, 0, 0, 0, 0, 0, 0, 0, 0, 0;int(1..26)], 
[0, 1, 1, 1, 1, 0, 0, 0, 0, 0, 0, 0, 0, 0, 0, 0, 0, 0, 0, 0, 0, 0, 0, 0, 0, 0;int(1..26)], 
[0, 1, 1, 0, 0, 0, 0, 0, 0, 0, 0, 0, 0, 0, 0, 0, 0, 0, 0, 0, 0, 0, 0, 0, 0, 0;int(1..26)], 
[0, 1, 1, 0, 0, 0, 0, 0, 0, 0, 0, 0, 0, 0, 0, 0, 0, 0, 0, 0, 0, 0, 0, 0, 0, 0;int(1..26)], 
[0, 1, 1, 0, 0, 0, 0, 0, 0, 0, 0, 0, 0, 0, 0, 0, 0, 0, 0, 0, 0, 0, 0, 0, 0, 0;int(1..26)], 
[0, 0, 0, 0, 0, 0, 0, 0, 0, 0, 0, 0, 0, 0, 0, 0, 0, 0, 0, 0, 0, 0, 0, 0, 0, 0;int(1..26)];int(1..22)]
letting topIndexMatrix be [[0, 2, 2, 2, 2, 3, 3, 0, 2, 2, 2, 2, 2, 2, 0, 2, 4, 2, 6, 8, 6, 6, 4, 8, 6, 0;int(1..26)], 
[0, 13, 13, 6, 6, 14, 14, 0, 0, 0, 6, 6, 0, 0, 0, 0, 0, 0, 0, 0, 0, 0, 0, 0, 0, 0;int(1..26)], 
[0, 0, 0, 13, 13, 0, 0, 0, 0, 0, 0, 0, 0, 0, 0, 0, 0, 0, 0, 0, 0, 0, 0, 0, 0, 0;int(1..26)], 
[0, 0, 0, 17, 17, 0, 0, 0, 0, 0, 0, 0, 0, 0, 0, 0, 0, 0, 0, 0, 0, 0, 0, 0, 0, 0;int(1..26)], 
[0, 0, 0, 0, 0, 0, 0, 0, 0, 0, 0, 0, 0, 0, 0, 0, 0, 0, 0, 0, 0, 0, 0, 0, 0, 0;int(1..26)], 
[0, 0, 0, 0, 0, 0, 0, 0, 0, 0, 0, 0, 0, 0, 0, 0, 0, 0, 0, 0, 0, 0, 0, 0, 0, 0;int(1..26)], 
[0, 0, 0, 0, 0, 0, 0, 0, 0, 0, 0, 0, 0, 0, 0, 0, 0, 0, 0, 0, 0, 0, 0, 0, 0, 0;int(1..26)], 
[0, 0, 0, 0, 0, 0, 0, 0, 0, 0, 0, 0, 0, 0, 0, 0, 0, 0, 0, 0, 0, 0, 0, 0, 0, 0;int(1..26)], 
[0, 0, 0, 0, 0, 0, 0, 0, 0, 0, 0, 0, 0, 0, 0, 0, 0, 0, 0, 0, 0, 0, 0, 0, 0, 0;int(1..26)], 
[0, 0, 0, 0, 0, 0, 0, 0, 0, 0, 0, 0, 0, 0, 0, 0, 0, 0, 0, 0, 0, 0, 0, 0, 0, 0;int(1..26)], 
[0, 0, 0, 0, 0, 0, 0, 0, 0, 0, 0, 0, 0, 0, 0, 0, 0, 0, 0, 0, 0, 0, 0, 0, 0, 0;int(1..26)];int(1..11)]
