language ESSENCE' 1.0
letting leftIndexMatrix be [[1, 9, 0, 0;int(1..4)], 
[1, 7, 0, 0;int(1..4)], 
[1, 8, 0, 0;int(1..4)], 
[1, 4, 6, 8;int(1..4)], 
[2, 8, 10, 0;int(1..4)], 
[2, 7, 10, 0;int(1..4)], 
[1, 9, 0, 0;int(1..4)], 
[1, 9, 0, 0;int(1..4)], 
[1, 8, 0, 0;int(1..4)], 
[1, 10, 0, 0;int(1..4)];int(1..10)]
letting solutionBoard be [[1, 1, 1, 1, 0, 0, 0, 0, 1, 1;int(1..10)], 
[1, 1, 1, 0, 0, 0, 1, 1, 1, 1;int(1..10)], 
[1, 1, 0, 0, 0, 0, 0, 1, 1, 1;int(1..10)], 
[1, 1, 0, 1, 0, 1, 0, 1, 1, 1;int(1..10)], 
[0, 1, 0, 0, 0, 0, 0, 1, 0, 1;int(1..10)], 
[0, 1, 1, 0, 0, 0, 1, 1, 0, 1;int(1..10)], 
[1, 0, 0, 0, 0, 0, 0, 0, 1, 1;int(1..10)], 
[1, 0, 0, 0, 0, 0, 0, 0, 1, 1;int(1..10)], 
[1, 1, 0, 0, 0, 0, 0, 1, 1, 1;int(1..10)], 
[1, 1, 1, 1, 0, 0, 0, 0, 0, 1;int(1..10)];int(1..10)]
letting topIndexMatrix be [[1, 1, 1, 1, 0, 4, 2, 2, 1, 1;int(1..10)], 
[7, 9, 6, 4, 0, 0, 6, 9, 7, 0;int(1..10)], 
[0, 0, 10, 10, 0, 0, 0, 0, 0, 0;int(1..10)], 
[0, 0, 0, 0, 0, 0, 0, 0, 0, 0;int(1..10)];int(1..4)]
