language ESSENCE' 1.0
letting leftIndexMatrix be [[0, 0, 0, 0, 0;int(1..5)], 
[3, 0, 0, 0, 0;int(1..5)], 
[4, 9, 0, 0, 0;int(1..5)], 
[2, 6, 9, 0, 0;int(1..5)], 
[2, 6, 9, 0, 0;int(1..5)], 
[3, 6, 8, 0, 0;int(1..5)], 
[4, 6, 9, 0, 0;int(1..5)], 
[6, 9, 0, 0, 0;int(1..5)], 
[6, 9, 0, 0, 0;int(1..5)], 
[6, 9, 0, 0, 0;int(1..5)];int(1..10)]
letting solutionBoard be [[0, 0, 0, 0, 0, 0, 0, 0, 0, 0;int(1..10)], 
[0, 0, 1, 1, 1, 0, 0, 0, 0, 0;int(1..10)], 
[0, 0, 0, 1, 1, 0, 0, 0, 1, 0;int(1..10)], 
[0, 1, 0, 0, 0, 1, 0, 0, 1, 0;int(1..10)], 
[0, 1, 1, 0, 0, 1, 1, 0, 1, 0;int(1..10)], 
[0, 0, 1, 1, 0, 1, 0, 1, 1, 0;int(1..10)], 
[0, 0, 0, 1, 0, 1, 0, 0, 1, 0;int(1..10)], 
[0, 0, 0, 0, 0, 1, 0, 0, 1, 0;int(1..10)], 
[0, 0, 0, 0, 0, 1, 0, 0, 1, 0;int(1..10)], 
[0, 0, 0, 0, 0, 1, 0, 0, 1, 0;int(1..10)];int(1..10)]
letting topIndexMatrix be [[0, 4, 2, 2, 2, 4, 5, 6, 3, 0;int(1..10)], 
[0, 0, 5, 6, 0, 0, 0, 0, 0, 0;int(1..10)], 
[0, 0, 0, 0, 0, 0, 0, 0, 0, 0;int(1..10)], 
[0, 0, 0, 0, 0, 0, 0, 0, 0, 0;int(1..10)], 
[0, 0, 0, 0, 0, 0, 0, 0, 0, 0;int(1..10)];int(1..5)]
