language ESSENCE' 1.0
letting leftIndexMatrix be [[1, 8, 0, 0;int(1..4)], 
[1, 7, 0, 0;int(1..4)], 
[2, 8, 0, 0;int(1..4)], 
[3, 5, 0, 0;int(1..4)], 
[2, 4, 6, 0;int(1..4)], 
[1, 8, 0, 0;int(1..4)], 
[2, 4, 7, 0;int(1..4)], 
[2, 4, 7, 0;int(1..4)], 
[1, 4, 7, 0;int(1..4)], 
[3, 8, 0, 0;int(1..4)], 
[3, 5, 0, 0;int(1..4)], 
[1, 4, 7, 0;int(1..4)], 
[3, 7, 0, 0;int(1..4)], 
[3, 6, 8, 0;int(1..4)], 
[3, 5, 7, 0;int(1..4)], 
[4, 7, 0, 0;int(1..4)], 
[2, 4, 0, 0;int(1..4)], 
[1, 6, 8, 0;int(1..4)], 
[3, 8, 0, 0;int(1..4)], 
[1, 8, 0, 0;int(1..4)];int(1..20)]
letting solutionBoard be [[1, 1, 0, 0, 0, 0, 0, 1;int(1..8)], 
[1, 0, 0, 0, 0, 0, 1, 1;int(1..8)], 
[0, 1, 0, 0, 0, 0, 0, 1;int(1..8)], 
[0, 0, 1, 0, 1, 1, 1, 1;int(1..8)], 
[0, 1, 0, 1, 0, 1, 1, 0;int(1..8)], 
[1, 0, 0, 0, 0, 0, 0, 1;int(1..8)], 
[0, 1, 0, 1, 0, 0, 1, 1;int(1..8)], 
[0, 1, 0, 1, 0, 0, 1, 1;int(1..8)], 
[1, 0, 0, 1, 1, 0, 1, 0;int(1..8)], 
[0, 0, 1, 0, 0, 0, 0, 1;int(1..8)], 
[0, 0, 1, 0, 1, 1, 1, 1;int(1..8)], 
[1, 1, 0, 1, 1, 0, 1, 1;int(1..8)], 
[0, 0, 1, 1, 1, 0, 1, 1;int(1..8)], 
[0, 0, 1, 1, 0, 1, 0, 1;int(1..8)], 
[0, 0, 1, 0, 1, 0, 1, 0;int(1..8)], 
[0, 0, 0, 1, 0, 0, 1, 1;int(1..8)], 
[0, 1, 0, 1, 1, 0, 0, 0;int(1..8)], 
[1, 1, 0, 0, 0, 1, 0, 1;int(1..8)], 
[0, 0, 1, 1, 1, 1, 0, 1;int(1..8)], 
[1, 1, 1, 0, 0, 0, 0, 1;int(1..8)];int(1..20)]
letting topIndexMatrix be [[1, 1, 4, 5, 4, 4, 2, 1;int(1..8)], 
[6, 3, 10, 7, 9, 11, 4, 6;int(1..8)], 
[9, 5, 13, 12, 11, 14, 7, 10;int(1..8)], 
[12, 7, 19, 16, 15, 18, 11, 16;int(1..8)], 
[18, 12, 0, 19, 17, 0, 15, 18;int(1..8)], 
[20, 17, 0, 0, 19, 0, 0, 0;int(1..8)], 
[0, 20, 0, 0, 0, 0, 0, 0;int(1..8)], 
[0, 0, 0, 0, 0, 0, 0, 0;int(1..8)], 
[0, 0, 0, 0, 0, 0, 0, 0;int(1..8)], 
[0, 0, 0, 0, 0, 0, 0, 0;int(1..8)];int(1..10)]
