language ESSENCE' 1.0
letting leftIndexMatrix be [[2, 6, 8, 11, 0, 0, 0;int(1..7)], 
[3, 6, 10, 0, 0, 0, 0;int(1..7)], 
[2, 5, 10, 12, 0, 0, 0;int(1..7)], 
[1, 3, 12, 0, 0, 0, 0;int(1..7)], 
[4, 7, 9, 13, 0, 0, 0;int(1..7)], 
[1, 4, 6, 11, 0, 0, 0;int(1..7)];int(1..6)]
letting solutionBoard be [[0, 1, 0, 0, 0, 1, 0, 1, 1, 0, 1, 1, 1;int(1..13)], 
[0, 0, 1, 1, 0, 1, 1, 1, 0, 1, 1, 1, 0;int(1..13)], 
[0, 1, 1, 0, 1, 1, 1, 1, 0, 1, 0, 1, 0;int(1..13)], 
[1, 0, 1, 1, 1, 1, 1, 1, 0, 0, 0, 1, 1;int(1..13)], 
[0, 0, 0, 1, 1, 0, 1, 0, 1, 1, 1, 0, 1;int(1..13)], 
[1, 0, 0, 1, 0, 1, 1, 1, 0, 0, 1, 0, 0;int(1..13)];int(1..6)]
letting topIndexMatrix be [[4, 1, 2, 2, 3, 1, 2, 1, 1, 2, 1, 1, 1;int(1..13)], 
[6, 3, 0, 4, 0, 6, 0, 6, 5, 5, 5, 0, 4;int(1..13)], 
[0, 0, 0, 0, 0, 0, 0, 0, 0, 0, 0, 0, 0;int(1..13)];int(1..3)]
