language ESSENCE' 1.0
letting leftIndexMatrix be [[2, 4, 6, 9, 0;int(1..5)], 
[1, 3, 5, 0, 0;int(1..5)], 
[1, 3, 5, 0, 0;int(1..5)], 
[1, 4, 7, 0, 0;int(1..5)], 
[1, 5, 7, 0, 0;int(1..5)], 
[1, 3, 5, 0, 0;int(1..5)], 
[2, 5, 7, 0, 0;int(1..5)], 
[1, 3, 6, 0, 0;int(1..5)], 
[2, 4, 0, 0, 0;int(1..5)], 
[1, 3, 6, 0, 0;int(1..5)], 
[1, 4, 8, 0, 0;int(1..5)], 
[3, 6, 9, 0, 0;int(1..5)], 
[2, 5, 0, 0, 0;int(1..5)], 
[2, 4, 0, 0, 0;int(1..5)], 
[4, 8, 0, 0, 0;int(1..5)], 
[1, 3, 6, 0, 0;int(1..5)], 
[7, 0, 0, 0, 0;int(1..5)];int(1..17)]
letting solutionBoard be [[0, 1, 0, 1, 0, 1, 1, 0, 1;int(1..9)], 
[1, 0, 1, 0, 1, 1, 1, 1, 0;int(1..9)], 
[1, 0, 1, 0, 1, 1, 0, 0, 0;int(1..9)], 
[1, 1, 0, 1, 0, 0, 1, 1, 1;int(1..9)], 
[1, 0, 0, 0, 1, 0, 1, 0, 0;int(1..9)], 
[1, 0, 1, 0, 1, 1, 0, 0, 0;int(1..9)], 
[0, 1, 0, 0, 1, 0, 1, 0, 0;int(1..9)], 
[1, 0, 1, 0, 0, 1, 1, 1, 0;int(1..9)], 
[0, 1, 0, 1, 1, 1, 1, 1, 1;int(1..9)], 
[1, 0, 1, 1, 0, 1, 1, 1, 1;int(1..9)], 
[1, 0, 0, 1, 1, 0, 0, 1, 1;int(1..9)], 
[0, 0, 1, 1, 0, 1, 1, 0, 1;int(1..9)], 
[0, 1, 0, 0, 1, 1, 1, 1, 0;int(1..9)], 
[0, 1, 0, 1, 1, 1, 1, 1, 0;int(1..9)], 
[0, 0, 0, 1, 1, 1, 0, 1, 0;int(1..9)], 
[1, 0, 1, 0, 0, 1, 1, 1, 0;int(1..9)], 
[0, 0, 0, 0, 0, 0, 1, 1, 1;int(1..9)];int(1..17)]
letting topIndexMatrix be [[2, 1, 2, 1, 2, 1, 1, 2, 1;int(1..9)], 
[8, 4, 6, 4, 5, 6, 4, 4, 4;int(1..9)], 
[10, 7, 8, 9, 9, 8, 7, 8, 9;int(1..9)], 
[16, 9, 10, 14, 11, 12, 12, 13, 17;int(1..9)], 
[0, 13, 12, 0, 13, 0, 16, 0, 0;int(1..9)], 
[0, 0, 16, 0, 0, 0, 0, 0, 0;int(1..9)], 
[0, 0, 0, 0, 0, 0, 0, 0, 0;int(1..9)], 
[0, 0, 0, 0, 0, 0, 0, 0, 0;int(1..9)], 
[0, 0, 0, 0, 0, 0, 0, 0, 0;int(1..9)];int(1..9)]
