language ESSENCE' 1.0
letting leftIndexMatrix be [[1, 3, 6, 8, 10, 0, 0;int(1..7)], 
[2, 6, 8, 12, 0, 0, 0;int(1..7)], 
[2, 4, 7, 13, 0, 0, 0;int(1..7)], 
[1, 3, 5, 11, 0, 0, 0;int(1..7)], 
[3, 11, 13, 0, 0, 0, 0;int(1..7)], 
[1, 6, 8, 12, 0, 0, 0;int(1..7)], 
[4, 7, 13, 0, 0, 0, 0;int(1..7)], 
[1, 4, 10, 12, 0, 0, 0;int(1..7)], 
[1, 5, 8, 11, 0, 0, 0;int(1..7)];int(1..9)]
letting solutionBoard be [[1, 0, 1, 1, 0, 1, 0, 1, 0, 1, 0, 0, 0;int(1..13)], 
[0, 1, 1, 0, 0, 1, 0, 1, 0, 0, 0, 1, 0;int(1..13)], 
[0, 1, 0, 1, 1, 0, 1, 1, 1, 0, 0, 0, 1;int(1..13)], 
[1, 0, 1, 0, 1, 1, 0, 0, 0, 0, 1, 0, 0;int(1..13)], 
[0, 0, 1, 0, 0, 0, 0, 0, 0, 0, 1, 0, 1;int(1..13)], 
[1, 1, 0, 0, 0, 1, 0, 1, 0, 0, 0, 1, 1;int(1..13)], 
[0, 0, 0, 1, 1, 0, 1, 1, 1, 1, 1, 0, 1;int(1..13)], 
[1, 0, 0, 1, 0, 0, 0, 0, 0, 1, 0, 1, 1;int(1..13)], 
[1, 1, 0, 0, 1, 0, 0, 1, 0, 0, 1, 1, 0;int(1..13)];int(1..9)]
letting topIndexMatrix be [[1, 2, 1, 1, 3, 1, 3, 1, 3, 1, 4, 2, 3;int(1..13)], 
[4, 6, 4, 3, 7, 4, 7, 6, 7, 7, 7, 6, 5;int(1..13)], 
[6, 9, 0, 7, 9, 6, 0, 9, 0, 0, 9, 8, 0;int(1..13)], 
[8, 0, 0, 0, 0, 0, 0, 0, 0, 0, 0, 0, 0;int(1..13)], 
[0, 0, 0, 0, 0, 0, 0, 0, 0, 0, 0, 0, 0;int(1..13)];int(1..5)]
