language ESSENCE' 1.0
letting leftIndexMatrix be [[3, 5, 0, 0;int(1..4)], 
[2, 7, 0, 0;int(1..4)], 
[1, 4, 6, 8;int(1..4)], 
[3, 0, 0, 0;int(1..4)], 
[1, 4, 7, 0;int(1..4)], 
[2, 0, 0, 0;int(1..4)], 
[1, 3, 8, 0;int(1..4)], 
[1, 3, 7, 0;int(1..4)], 
[2, 7, 0, 0;int(1..4)], 
[1, 6, 0, 0;int(1..4)];int(1..10)]
letting solutionBoard be [[0, 0, 1, 0, 1, 1, 1, 0;int(1..8)], 
[0, 1, 0, 0, 0, 0, 1, 0;int(1..8)], 
[1, 1, 0, 1, 0, 1, 0, 1;int(1..8)], 
[0, 0, 1, 1, 0, 0, 0, 0;int(1..8)], 
[1, 0, 0, 1, 1, 0, 1, 1;int(1..8)], 
[0, 1, 1, 1, 1, 0, 0, 0;int(1..8)], 
[1, 0, 1, 1, 1, 1, 0, 1;int(1..8)], 
[1, 0, 1, 1, 0, 0, 1, 1;int(1..8)], 
[0, 1, 0, 0, 0, 0, 1, 0;int(1..8)], 
[1, 1, 0, 0, 0, 1, 1, 0;int(1..8)];int(1..10)]
letting topIndexMatrix be [[3, 2, 1, 3, 1, 1, 1, 3;int(1..8)], 
[5, 6, 4, 0, 5, 3, 5, 5;int(1..8)], 
[7, 9, 6, 0, 0, 7, 8, 7;int(1..8)], 
[10, 0, 0, 0, 0, 10, 0, 0;int(1..8)], 
[0, 0, 0, 0, 0, 0, 0, 0;int(1..8)];int(1..5)]
