language ESSENCE' 1.0
letting leftIndexMatrix be [[0, 0, 0, 0, 0;int(1..5)], 
[6, 0, 0, 0, 0;int(1..5)], 
[3, 0, 0, 0, 0;int(1..5)], 
[2, 9, 0, 0, 0;int(1..5)], 
[2, 5, 7, 9, 0;int(1..5)], 
[2, 9, 0, 0, 0;int(1..5)], 
[2, 8, 0, 0, 0;int(1..5)], 
[3, 0, 0, 0, 0;int(1..5)], 
[0, 0, 0, 0, 0;int(1..5)], 
[0, 0, 0, 0, 0;int(1..5)];int(1..10)]
letting solutionBoard be [[0, 0, 0, 0, 0, 0, 0, 0, 0, 0;int(1..10)], 
[0, 0, 0, 0, 0, 1, 0, 0, 0, 0;int(1..10)], 
[0, 0, 1, 1, 1, 1, 1, 1, 1, 0;int(1..10)], 
[0, 1, 1, 0, 0, 0, 0, 0, 1, 0;int(1..10)], 
[0, 1, 0, 0, 1, 0, 1, 0, 1, 0;int(1..10)], 
[0, 1, 0, 0, 0, 0, 0, 0, 1, 0;int(1..10)], 
[0, 1, 1, 0, 0, 0, 0, 1, 1, 0;int(1..10)], 
[0, 0, 1, 1, 1, 1, 1, 1, 0, 0;int(1..10)], 
[0, 0, 0, 0, 0, 0, 0, 0, 0, 0;int(1..10)], 
[0, 0, 0, 0, 0, 0, 0, 0, 0, 0;int(1..10)];int(1..10)]
letting topIndexMatrix be [[0, 4, 3, 3, 3, 2, 3, 3, 3, 0;int(1..10)], 
[0, 0, 7, 8, 5, 8, 5, 7, 0, 0;int(1..10)], 
[0, 0, 0, 0, 8, 0, 8, 0, 0, 0;int(1..10)], 
[0, 0, 0, 0, 0, 0, 0, 0, 0, 0;int(1..10)], 
[0, 0, 0, 0, 0, 0, 0, 0, 0, 0;int(1..10)];int(1..5)]
