language ESSENCE' 1.0
letting leftIndexMatrix be [[4, 6, 9, 0, 0, 0, 0;int(1..7)], 
[1, 4, 7, 9, 11, 0, 0;int(1..7)], 
[1, 9, 14, 0, 0, 0, 0;int(1..7)], 
[2, 6, 8, 11, 14, 0, 0;int(1..7)], 
[2, 10, 12, 0, 0, 0, 0;int(1..7)], 
[1, 3, 7, 10, 0, 0, 0;int(1..7)], 
[1, 4, 7, 9, 0, 0, 0;int(1..7)], 
[1, 3, 5, 8, 13, 0, 0;int(1..7)], 
[1, 4, 8, 12, 0, 0, 0;int(1..7)], 
[1, 8, 14, 0, 0, 0, 0;int(1..7)], 
[1, 6, 8, 10, 14, 0, 0;int(1..7)], 
[1, 3, 9, 12, 0, 0, 0;int(1..7)], 
[1, 5, 8, 12, 0, 0, 0;int(1..7)], 
[1, 4, 13, 0, 0, 0, 0;int(1..7)], 
[1, 4, 7, 9, 0, 0, 0;int(1..7)], 
[1, 5, 11, 14, 0, 0, 0;int(1..7)], 
[1, 5, 8, 12, 0, 0, 0;int(1..7)], 
[1, 3, 12, 0, 0, 0, 0;int(1..7)];int(1..18)]
letting solutionBoard be [[0, 0, 0, 1, 0, 1, 0, 0, 1, 0, 0, 0, 0, 0;int(1..14)], 
[1, 1, 0, 1, 1, 0, 1, 0, 1, 0, 1, 1, 1, 1;int(1..14)], 
[1, 1, 0, 0, 0, 0, 0, 0, 1, 1, 1, 1, 0, 1;int(1..14)], 
[0, 1, 0, 0, 0, 1, 0, 1, 0, 0, 1, 1, 0, 1;int(1..14)], 
[0, 1, 1, 1, 1, 1, 1, 0, 0, 1, 0, 1, 1, 1;int(1..14)], 
[1, 0, 1, 1, 0, 0, 1, 0, 0, 1, 1, 1, 1, 0;int(1..14)], 
[1, 0, 0, 1, 1, 0, 1, 0, 1, 0, 0, 0, 0, 0;int(1..14)], 
[1, 0, 1, 0, 1, 1, 0, 1, 0, 0, 0, 0, 1, 1;int(1..14)], 
[1, 0, 0, 1, 1, 1, 0, 1, 0, 0, 0, 1, 1, 1;int(1..14)], 
[1, 0, 0, 0, 0, 0, 0, 1, 1, 1, 1, 0, 0, 1;int(1..14)], 
[1, 1, 1, 1, 0, 1, 0, 1, 0, 1, 1, 1, 0, 1;int(1..14)], 
[1, 0, 1, 1, 1, 1, 1, 0, 1, 1, 0, 1, 1, 0;int(1..14)], 
[1, 1, 1, 0, 1, 0, 0, 1, 1, 0, 0, 1, 1, 0;int(1..14)], 
[1, 1, 0, 1, 1, 1, 1, 1, 0, 0, 0, 0, 1, 0;int(1..14)], 
[1, 1, 0, 1, 0, 0, 1, 0, 1, 0, 0, 0, 0, 0;int(1..14)], 
[1, 0, 0, 0, 1, 1, 1, 1, 1, 0, 1, 0, 0, 1;int(1..14)], 
[1, 1, 0, 0, 1, 1, 0, 1, 1, 0, 0, 1, 1, 0;int(1..14)], 
[1, 0, 1, 1, 1, 0, 0, 0, 0, 0, 0, 1, 1, 1;int(1..14)];int(1..18)]
letting topIndexMatrix be [[2, 2, 5, 1, 2, 1, 2, 4, 1, 3, 2, 2, 2, 2;int(1..14)], 
[6, 11, 8, 5, 5, 4, 5, 8, 7, 5, 6, 9, 5, 8;int(1..14)], 
[0, 13, 11, 9, 7, 8, 12, 13, 10, 10, 10, 11, 8, 16;int(1..14)], 
[0, 17, 18, 11, 12, 11, 14, 16, 12, 0, 16, 17, 12, 18;int(1..14)], 
[0, 0, 0, 14, 16, 14, 0, 0, 15, 0, 0, 0, 17, 0;int(1..14)], 
[0, 0, 0, 18, 0, 16, 0, 0, 0, 0, 0, 0, 0, 0;int(1..14)], 
[0, 0, 0, 0, 0, 0, 0, 0, 0, 0, 0, 0, 0, 0;int(1..14)], 
[0, 0, 0, 0, 0, 0, 0, 0, 0, 0, 0, 0, 0, 0;int(1..14)], 
[0, 0, 0, 0, 0, 0, 0, 0, 0, 0, 0, 0, 0, 0;int(1..14)];int(1..9)]
