language ESSENCE' 1.0
letting leftIndexMatrix be [[1, 7, 9, 13, 15, 0, 0, 0;int(1..8)], 
[3, 6, 14, 16, 0, 0, 0, 0;int(1..8)], 
[1, 4, 6, 9, 13, 0, 0, 0;int(1..8)], 
[3, 5, 8, 14, 16, 0, 0, 0;int(1..8)], 
[1, 5, 9, 14, 0, 0, 0, 0;int(1..8)], 
[1, 9, 11, 16, 0, 0, 0, 0;int(1..8)], 
[3, 8, 10, 14, 0, 0, 0, 0;int(1..8)], 
[1, 4, 7, 14, 0, 0, 0, 0;int(1..8)], 
[3, 6, 9, 16, 0, 0, 0, 0;int(1..8)], 
[3, 7, 14, 0, 0, 0, 0, 0;int(1..8)], 
[2, 5, 9, 11, 0, 0, 0, 0;int(1..8)], 
[1, 3, 6, 9, 13, 16, 0, 0;int(1..8)], 
[1, 7, 9, 16, 0, 0, 0, 0;int(1..8)], 
[2, 7, 10, 15, 0, 0, 0, 0;int(1..8)], 
[1, 5, 8, 10, 12, 0, 0, 0;int(1..8)];int(1..15)]
letting solutionBoard be [[1, 0, 0, 0, 0, 0, 1, 0, 1, 0, 0, 0, 1, 0, 1, 1;int(1..16)], 
[0, 0, 1, 1, 0, 1, 1, 1, 1, 0, 0, 0, 0, 1, 0, 1;int(1..16)], 
[1, 1, 0, 1, 0, 1, 1, 0, 1, 0, 0, 0, 1, 0, 0, 0;int(1..16)], 
[0, 0, 1, 0, 1, 0, 0, 1, 1, 1, 1, 1, 0, 1, 0, 1;int(1..16)], 
[1, 0, 0, 0, 1, 1, 1, 0, 1, 1, 1, 1, 0, 1, 1, 0;int(1..16)], 
[1, 1, 1, 1, 1, 0, 0, 0, 1, 0, 1, 1, 1, 1, 0, 1;int(1..16)], 
[0, 0, 1, 0, 0, 0, 0, 1, 0, 1, 0, 0, 0, 1, 1, 1;int(1..16)], 
[1, 1, 0, 1, 0, 0, 1, 1, 1, 1, 1, 1, 0, 1, 1, 1;int(1..16)], 
[0, 0, 1, 0, 0, 1, 1, 0, 1, 1, 1, 1, 0, 0, 0, 1;int(1..16)], 
[0, 0, 1, 1, 1, 0, 1, 1, 1, 1, 0, 0, 0, 1, 1, 0;int(1..16)], 
[0, 1, 0, 0, 1, 0, 0, 0, 1, 0, 1, 1, 1, 1, 0, 0;int(1..16)], 
[1, 0, 1, 0, 0, 1, 1, 0, 1, 1, 1, 0, 1, 1, 0, 1;int(1..16)], 
[1, 1, 1, 1, 0, 0, 1, 0, 1, 1, 0, 0, 0, 0, 0, 1;int(1..16)], 
[0, 1, 1, 1, 1, 0, 1, 1, 0, 1, 1, 0, 0, 0, 1, 0;int(1..16)], 
[1, 0, 0, 0, 1, 1, 0, 1, 0, 1, 0, 1, 0, 0, 0, 0;int(1..16)];int(1..15)]
letting topIndexMatrix be [[1, 3, 2, 2, 4, 2, 1, 2, 1, 4, 4, 4, 1, 2, 1, 1;int(1..16)], 
[3, 6, 4, 6, 10, 5, 5, 4, 8, 7, 8, 8, 3, 4, 5, 4;int(1..16)], 
[5, 8, 6, 8, 14, 9, 8, 7, 0, 12, 11, 11, 6, 10, 7, 6;int(1..16)], 
[8, 11, 9, 10, 0, 12, 12, 10, 0, 0, 14, 15, 11, 0, 10, 12;int(1..16)], 
[12, 13, 12, 13, 0, 15, 0, 14, 0, 0, 0, 0, 0, 0, 14, 0;int(1..16)], 
[15, 0, 0, 0, 0, 0, 0, 0, 0, 0, 0, 0, 0, 0, 0, 0;int(1..16)], 
[0, 0, 0, 0, 0, 0, 0, 0, 0, 0, 0, 0, 0, 0, 0, 0;int(1..16)], 
[0, 0, 0, 0, 0, 0, 0, 0, 0, 0, 0, 0, 0, 0, 0, 0;int(1..16)];int(1..8)]
