language ESSENCE' 1.0
letting leftIndexMatrix be [[2, 5, 8, 0;int(1..4)], 
[3, 5, 7, 0;int(1..4)], 
[1, 4, 7, 0;int(1..4)], 
[1, 3, 5, 0;int(1..4)], 
[1, 6, 0, 0;int(1..4)], 
[1, 5, 0, 0;int(1..4)], 
[5, 0, 0, 0;int(1..4)], 
[2, 7, 0, 0;int(1..4)], 
[1, 6, 0, 0;int(1..4)], 
[2, 7, 0, 0;int(1..4)], 
[3, 7, 0, 0;int(1..4)], 
[1, 3, 7, 0;int(1..4)], 
[1, 0, 0, 0;int(1..4)], 
[1, 8, 0, 0;int(1..4)], 
[2, 8, 0, 0;int(1..4)], 
[1, 8, 0, 0;int(1..4)], 
[1, 6, 0, 0;int(1..4)], 
[2, 6, 0, 0;int(1..4)], 
[1, 3, 6, 0;int(1..4)], 
[3, 8, 0, 0;int(1..4)], 
[4, 8, 0, 0;int(1..4)], 
[1, 5, 0, 0;int(1..4)], 
[3, 7, 0, 0;int(1..4)], 
[1, 4, 0, 0;int(1..4)];int(1..24)]
letting solutionBoard be [[0, 1, 0, 0, 1, 0, 0, 1;int(1..8)], 
[0, 0, 1, 0, 1, 0, 1, 0;int(1..8)], 
[1, 1, 0, 1, 0, 0, 1, 1;int(1..8)], 
[1, 0, 1, 0, 1, 0, 0, 0;int(1..8)], 
[1, 1, 1, 1, 0, 1, 1, 0;int(1..8)], 
[1, 1, 0, 0, 1, 1, 1, 1;int(1..8)], 
[0, 0, 0, 0, 1, 0, 0, 0;int(1..8)], 
[0, 1, 0, 0, 0, 0, 1, 1;int(1..8)], 
[1, 1, 0, 0, 0, 1, 1, 1;int(1..8)], 
[0, 1, 1, 0, 0, 0, 1, 1;int(1..8)], 
[0, 0, 1, 1, 1, 0, 1, 0;int(1..8)], 
[1, 0, 1, 1, 1, 0, 1, 1;int(1..8)], 
[1, 1, 1, 0, 0, 0, 0, 0;int(1..8)], 
[1, 1, 1, 1, 1, 1, 0, 1;int(1..8)], 
[0, 1, 1, 1, 0, 0, 0, 1;int(1..8)], 
[1, 1, 1, 1, 0, 0, 0, 1;int(1..8)], 
[1, 1, 1, 1, 0, 1, 1, 1;int(1..8)], 
[0, 1, 1, 0, 0, 1, 0, 0;int(1..8)], 
[1, 0, 1, 0, 0, 1, 1, 0;int(1..8)], 
[0, 0, 1, 1, 1, 0, 0, 1;int(1..8)], 
[0, 0, 0, 1, 1, 1, 0, 1;int(1..8)], 
[1, 0, 0, 0, 1, 0, 0, 0;int(1..8)], 
[0, 0, 1, 1, 1, 0, 1, 0;int(1..8)], 
[1, 1, 0, 1, 1, 1, 1, 1;int(1..8)];int(1..24)]
letting topIndexMatrix be [[3, 1, 2, 3, 1, 5, 2, 1;int(1..8)], 
[9, 3, 4, 5, 4, 9, 5, 3;int(1..8)], 
[12, 5, 10, 11, 6, 14, 8, 6;int(1..8)], 
[16, 8, 23, 14, 11, 17, 17, 8;int(1..8)], 
[19, 13, 0, 20, 14, 21, 19, 12;int(1..8)], 
[22, 24, 0, 23, 20, 24, 23, 14;int(1..8)], 
[24, 0, 0, 0, 0, 0, 0, 20;int(1..8)], 
[0, 0, 0, 0, 0, 0, 0, 24;int(1..8)], 
[0, 0, 0, 0, 0, 0, 0, 0;int(1..8)], 
[0, 0, 0, 0, 0, 0, 0, 0;int(1..8)], 
[0, 0, 0, 0, 0, 0, 0, 0;int(1..8)], 
[0, 0, 0, 0, 0, 0, 0, 0;int(1..8)];int(1..12)]
