language ESSENCE' 1.0
letting leftIndexMatrix be [[1, 4, 7, 14, 0, 0, 0, 0, 0;int(1..9)], 
[3, 6, 12, 15, 0, 0, 0, 0, 0;int(1..9)], 
[1, 3, 5, 7, 9, 12, 15, 0, 0;int(1..9)], 
[10, 12, 15, 0, 0, 0, 0, 0, 0;int(1..9)], 
[3, 6, 11, 15, 17, 0, 0, 0, 0;int(1..9)], 
[2, 5, 9, 13, 16, 0, 0, 0, 0;int(1..9)];int(1..6)]
letting solutionBoard be [[1, 1, 0, 1, 0, 0, 1, 1, 1, 1, 1, 0, 0, 1, 1, 1, 1, 0;int(1..18)], 
[0, 0, 1, 1, 0, 1, 1, 1, 0, 0, 0, 1, 1, 0, 1, 1, 0, 0;int(1..18)], 
[1, 0, 1, 0, 1, 0, 1, 0, 1, 0, 0, 1, 1, 0, 1, 1, 1, 0;int(1..18)], 
[0, 0, 0, 0, 0, 0, 0, 0, 0, 1, 0, 1, 1, 0, 1, 1, 1, 1;int(1..18)], 
[0, 0, 1, 0, 0, 1, 0, 0, 0, 0, 1, 0, 0, 0, 1, 0, 1, 0;int(1..18)], 
[0, 1, 0, 0, 1, 1, 1, 0, 1, 1, 1, 0, 1, 1, 0, 1, 1, 1;int(1..18)];int(1..6)]
letting topIndexMatrix be [[1, 1, 2, 1, 3, 2, 1, 1, 1, 1, 1, 2, 2, 1, 1, 1, 1, 4;int(1..18)], 
[3, 6, 5, 0, 6, 5, 6, 0, 3, 4, 5, 0, 6, 6, 0, 6, 3, 6;int(1..18)], 
[0, 0, 0, 0, 0, 0, 0, 0, 6, 6, 0, 0, 0, 0, 0, 0, 0, 0;int(1..18)];int(1..3)]
