language ESSENCE' 1.0
letting leftIndexMatrix be [[1, 8, 0, 0;int(1..4)], 
[1, 3, 7, 0;int(1..4)], 
[1, 4, 7, 0;int(1..4)], 
[4, 0, 0, 0;int(1..4)], 
[2, 6, 0, 0;int(1..4)], 
[2, 6, 0, 0;int(1..4)], 
[2, 0, 0, 0;int(1..4)], 
[1, 5, 0, 0;int(1..4)], 
[1, 5, 7, 0;int(1..4)], 
[3, 6, 0, 0;int(1..4)], 
[1, 5, 7, 0;int(1..4)], 
[4, 8, 0, 0;int(1..4)], 
[1, 3, 5, 8;int(1..4)], 
[2, 5, 0, 0;int(1..4)], 
[1, 3, 6, 0;int(1..4)], 
[3, 0, 0, 0;int(1..4)], 
[2, 6, 0, 0;int(1..4)];int(1..17)]
letting solutionBoard be [[1, 1, 1, 0, 0, 0, 0, 1;int(1..8)], 
[1, 0, 1, 1, 1, 0, 1, 0;int(1..8)], 
[1, 1, 0, 1, 0, 0, 1, 1;int(1..8)], 
[0, 0, 0, 1, 0, 0, 0, 0;int(1..8)], 
[0, 1, 0, 0, 0, 1, 0, 0;int(1..8)], 
[0, 1, 1, 1, 0, 1, 0, 0;int(1..8)], 
[0, 1, 1, 1, 1, 1, 1, 0;int(1..8)], 
[1, 1, 1, 0, 1, 1, 1, 0;int(1..8)], 
[1, 1, 1, 0, 1, 0, 1, 0;int(1..8)], 
[0, 0, 1, 1, 0, 1, 1, 1;int(1..8)], 
[1, 1, 0, 0, 1, 0, 1, 1;int(1..8)], 
[0, 0, 0, 1, 1, 1, 0, 1;int(1..8)], 
[1, 0, 1, 0, 1, 0, 0, 1;int(1..8)], 
[0, 1, 0, 0, 1, 1, 1, 1;int(1..8)], 
[1, 0, 1, 1, 0, 1, 1, 0;int(1..8)], 
[0, 0, 1, 1, 1, 1, 1, 1;int(1..8)], 
[0, 1, 1, 1, 0, 1, 0, 0;int(1..8)];int(1..17)]
letting topIndexMatrix be [[1, 1, 1, 2, 2, 5, 2, 1;int(1..8)], 
[8, 3, 6, 6, 7, 10, 7, 3;int(1..8)], 
[11, 5, 13, 10, 11, 12, 14, 10;int(1..8)], 
[13, 11, 15, 12, 16, 14, 0, 16;int(1..8)], 
[15, 14, 0, 15, 0, 0, 0, 0;int(1..8)], 
[0, 17, 0, 0, 0, 0, 0, 0;int(1..8)], 
[0, 0, 0, 0, 0, 0, 0, 0;int(1..8)], 
[0, 0, 0, 0, 0, 0, 0, 0;int(1..8)], 
[0, 0, 0, 0, 0, 0, 0, 0;int(1..8)];int(1..9)]
