language ESSENCE' 1.0
letting f be [[0, 3, 2, 1, 1, 1, 1, 1, 1, 2, 3, 4, 5;int(1..13)], 
[0, 0, 9, 6, 3, 8, 8, 3, 6, 9, 0, 0, 0;int(1..13)], 
[0, 0, 0, 10, 8, 10, 10, 8, 10, 0, 0, 0, 0;int(1..13)], 
[0, 0, 0, 0, 10, 0, 0, 10, 0, 0, 0, 0, 0;int(1..13)];int(1..4)]
letting f2 be [[4, 0, 0, 0;int(1..4)], 
[3, 10, 0, 0;int(1..4)], 
[2, 5, 8, 11;int(1..4)], 
[2, 5, 8, 11;int(1..4)], 
[2, 11, 0, 0;int(1..4)], 
[2, 4, 9, 11;int(1..4)], 
[2, 4, 9, 11;int(1..4)], 
[2, 5, 11, 0;int(1..4)], 
[3, 10, 0, 0;int(1..4)], 
[4, 0, 0, 0;int(1..4)], 
[0, 0, 0, 0;int(1..4)];int(1..11)]
letting solutionBoard be [[0, 0, 0, 1, 1, 1, 1, 1, 1, 0, 0, 0, 0;int(1..13)], 
[0, 0, 1, 0, 0, 0, 0, 0, 0, 1, 0, 0, 0;int(1..13)], 
[0, 1, 0, 0, 1, 0, 0, 1, 0, 0, 1, 0, 0;int(1..13)], 
[0, 1, 0, 0, 1, 0, 0, 1, 0, 0, 1, 1, 0;int(1..13)], 
[0, 1, 0, 0, 0, 0, 0, 0, 0, 0, 1, 1, 1;int(1..13)], 
[0, 1, 0, 1, 0, 0, 0, 0, 1, 0, 1, 1, 1;int(1..13)], 
[0, 1, 0, 1, 0, 0, 0, 0, 1, 0, 1, 1, 1;int(1..13)], 
[0, 1, 0, 0, 1, 1, 1, 1, 0, 0, 1, 1, 0;int(1..13)], 
[0, 0, 1, 0, 0, 0, 0, 0, 0, 1, 1, 0, 0;int(1..13)], 
[0, 0, 0, 1, 1, 1, 1, 1, 1, 1, 0, 0, 0;int(1..13)], 
[0, 0, 0, 0, 0, 0, 0, 0, 0, 0, 0, 0, 0;int(1..13)];int(1..11)]
